# Created by AnalysisTools v4.0  (https://github.com/KaGaSi/AnalysisTools)
# command: DistrAgg traj.vtf BC.agg BC-distr-2.txt BC-avg-2.txt -m AB
# column: (1) step, (2) <M>_n, (3) <M>_w, (4) <M>_z, (5) <As>_n, (6) <As>_w, (7) <As>_z, (8) <AB>_n, (9) <C2>_n, (10) n_agg
    1   46.15385   61.56000   68.13645   23.07692   30.78000   34.06823   23.07692    3.84615    13
    2   40.00000   46.98667   51.36776   20.00000   23.49333   25.68388   20.00000    3.33333    15
    3   46.15385   56.10667   62.34268   23.07692   28.05333   31.17134   23.07692    3.84615    13
    4   42.85714   54.13333   60.53202   21.42857   27.06667   30.26601   21.42857    3.57143    14
    5   46.15385   61.56000   68.13645   23.07692   30.78000   34.06823   23.07692    3.84615    13
    6   50.00000   57.38667   63.39452   25.00000   28.69333   31.69726   25.00000    4.16667    12
    7   42.85714   56.00000   61.32000   21.42857   28.00000   30.66000   21.42857    3.57143    14
    8   40.00000   46.98667   51.36776   20.00000   23.49333   25.68388   20.00000    3.33333    15
    9   46.15385   56.10667   62.34268   23.07692   28.05333   31.17134   23.07692    3.84615    13
   10   42.85714   54.13333   60.53202   21.42857   27.06667   30.26601   21.42857    3.57143    14
   11   42.85714   55.96000   61.24803   21.42857   27.98000   30.62402   21.42857    3.57143    14
   12   46.15385   56.10667   60.83983   23.07692   28.05333   30.41991   23.07692    3.84615    13
   13   46.15385   61.56000   68.13645   23.07692   30.78000   34.06823   23.07692    3.84615    13
   14   50.00000   57.38667   63.39452   25.00000   28.69333   31.69726   25.00000    4.16667    12
   15   42.85714   56.00000   61.32000   21.42857   28.00000   30.66000   21.42857    3.57143    14
   16   50.00000   57.41333   62.61960   25.00000   28.70667   31.30980   25.00000    4.16667    12
   17   40.00000   46.98667   51.36776   20.00000   23.49333   25.68388   20.00000    3.33333    15
   18   46.15385   56.10667   62.34268   23.07692   28.05333   31.17134   23.07692    3.84615    13
   19   42.85714   54.13333   60.53202   21.42857   27.06667   30.26601   21.42857    3.57143    14
   20   42.85714   55.96000   61.24803   21.42857   27.98000   30.62402   21.42857    3.57143    14
   21   46.15385   56.10667   60.83983   23.07692   28.05333   30.41991   23.07692    3.84615    13
   22   40.00000   46.98667   51.36776   20.00000   23.49333   25.68388   20.00000    3.33333    15
   23   46.15385   56.10667   62.34268   23.07692   28.05333   31.17134   23.07692    3.84615    13
   24   42.85714   54.13333   60.53202   21.42857   27.06667   30.26601   21.42857    3.57143    14
   25   42.85714   55.96000   61.24803   21.42857   27.98000   30.62402   21.42857    3.57143    14
   26   46.15385   56.10667   60.83983   23.07692   28.05333   30.41991   23.07692    3.84615    13
   27   50.00000   53.90667   57.72050   25.00000   26.95333   28.86025   25.00000    4.16667    12
   28   42.85714   56.33333   62.76781   21.42857   28.16667   31.38391   21.42857    3.57143    14
   29   50.00000   57.38667   63.39452   25.00000   28.69333   31.69726   25.00000    4.16667    12
   30   40.00000   55.69333   61.26119   20.00000   27.84667   30.63060   20.00000    3.33333    15
   31   50.00000   57.41333   62.61960   25.00000   28.70667   31.30980   25.00000    4.16667    12
   32   54.54545   60.00000   65.56400   27.27273   30.00000   32.78200   27.27273    4.54545    11
   33   40.00000   46.98667   51.36776   20.00000   23.49333   25.68388   20.00000    3.33333    15
   34   46.15385   56.10667   62.34268   23.07692   28.05333   31.17134   23.07692    3.84615    13
   35   42.85714   54.13333   60.53202   21.42857   27.06667   30.26601   21.42857    3.57143    14
   36   46.15385   56.29333   61.34723   23.07692   28.14667   30.67361   23.07692    3.84615    13
   37   46.15385   55.88000   60.40515   23.07692   27.94000   30.20258   23.07692    3.84615    13
   38   50.00000   53.88000   57.66741   25.00000   26.94000   28.83370   25.00000    4.16667    12
   39   40.00000   47.02667   51.45676   20.00000   23.51333   25.72838   20.00000    3.33333    15
   40   46.15385   56.10667   62.34268   23.07692   28.05333   31.17134   23.07692    3.84615    13
   41   42.85714   53.77333   60.33474   21.42857   26.88667   30.16737   21.42857    3.57143    14
   42   46.15385   56.29333   61.34723   23.07692   28.14667   30.67361   23.07692    3.84615    13
   43   42.85714   54.65333   59.75409   21.42857   27.32667   29.87704   21.42857    3.57143    14
   44   50.00000   53.78667   57.52801   25.00000   26.89333   28.76401   25.00000    4.16667    12
   45   40.00000   47.02667   51.45676   20.00000   23.51333   25.72838   20.00000    3.33333    15
   46   46.15385   56.10667   62.34268   23.07692   28.05333   31.17134   23.07692    3.84615    13
   47   42.85714   53.77333   60.33474   21.42857   26.88667   30.16737   21.42857    3.57143    14
   48   46.15385   56.29333   61.34723   23.07692   28.14667   30.67361   23.07692    3.84615    13
   49   42.85714   54.65333   59.75409   21.42857   27.32667   29.87704   21.42857    3.57143    14
   50   50.00000   53.78667   57.52801   25.00000   26.89333   28.76401   25.00000    4.16667    12
# (1) <As>_n, (2) <As>_w, (3) <As>_z, (4) <M>_n, (5) <M>_w, (6) <M>_z, (7) <AB>_n, (8) <C2>_n, (9) <n_agg>
# 22.388060 27.412667 30.259719 44.776119 54.825333 60.519439 22.388060 3.731343 13.400000
