# Created by AnalysisTools v4.0  (https://github.com/KaGaSi/AnalysisTools)
# command: DistrAgg traj.vtf BC.agg BC-distr.txt BC-avg.txt
# column: (1) step, (2) <M>_n, (3) <M>_w, (4) <M>_z, (5) <As>_n, (6) <As>_w, (7) <As>_z, (8) <AB>_n, (9) <C2>_n, (10) n_agg
    1   53.84615   74.10286   82.82511   26.92308   37.05143   41.41255   23.07692    3.84615    13
    2   46.66667   56.88000   63.54832   23.33333   28.44000   31.77416   20.00000    3.33333    15
    3   53.84615   68.01143   77.20484   26.92308   34.00571   38.60242   23.07692    3.84615    13
    4   50.00000   66.00000   75.62528   25.00000   33.00000   37.81264   21.42857    3.57143    14
    5   53.84615   74.10286   82.82511   26.92308   37.05143   41.41255   23.07692    3.84615    13
    6   58.33333   69.31429   78.19918   29.16667   34.65714   39.09959   25.00000    4.16667    12
    7   50.00000   67.81714   76.03472   25.00000   33.90857   38.01736   21.42857    3.57143    14
    8   46.66667   56.88000   63.54832   23.33333   28.44000   31.77416   20.00000    3.33333    15
    9   53.84615   68.01143   77.20484   26.92308   34.00571   38.60242   23.07692    3.84615    13
   10   50.00000   66.00000   75.62528   25.00000   33.00000   37.81264   21.42857    3.57143    14
   11   50.00000   67.76000   75.94198   25.00000   33.88000   37.97099   21.42857    3.57143    14
   12   53.84615   67.92000   75.51573   26.92308   33.96000   37.75787   23.07692    3.84615    13
   13   53.84615   74.10286   82.82511   26.92308   37.05143   41.41255   23.07692    3.84615    13
   14   58.33333   69.31429   78.19918   29.16667   34.65714   39.09959   25.00000    4.16667    12
   15   50.00000   67.81714   76.03472   25.00000   33.90857   38.01736   21.42857    3.57143    14
   16   58.33333   69.33714   77.48508   29.16667   34.66857   38.74254   25.00000    4.16667    12
   17   46.66667   56.88000   63.54832   23.33333   28.44000   31.77416   20.00000    3.33333    15
   18   53.84615   68.01143   77.20484   26.92308   34.00571   38.60242   23.07692    3.84615    13
   19   50.00000   66.00000   75.62528   25.00000   33.00000   37.81264   21.42857    3.57143    14
   20   50.00000   67.76000   75.94198   25.00000   33.88000   37.97099   21.42857    3.57143    14
   21   53.84615   67.92000   75.51573   26.92308   33.96000   37.75787   23.07692    3.84615    13
   22   46.66667   56.88000   63.54832   23.33333   28.44000   31.77416   20.00000    3.33333    15
   23   53.84615   68.01143   77.20484   26.92308   34.00571   38.60242   23.07692    3.84615    13
   24   50.00000   66.00000   75.62528   25.00000   33.00000   37.81264   21.42857    3.57143    14
   25   50.00000   67.76000   75.94198   25.00000   33.88000   37.97099   21.42857    3.57143    14
   26   53.84615   67.92000   75.51573   26.92308   33.96000   37.75787   23.07692    3.84615    13
   27   58.33333   64.24000   69.97118   29.16667   32.12000   34.98559   25.00000    4.16667    12
   28   50.00000   68.44571   77.76891   25.00000   34.22286   38.88445   21.42857    3.57143    14
   29   58.33333   69.31429   78.19918   29.16667   34.65714   39.09959   25.00000    4.16667    12
   30   46.66667   67.52000   76.01286   23.33333   33.76000   38.00643   20.00000    3.33333    15
   31   58.33333   69.33714   77.48508   29.16667   34.66857   38.74254   25.00000    4.16667    12
   32   63.63636   72.17143   80.76991   31.81818   36.08571   40.38496   27.27273    4.54545    11
   33   46.66667   56.88000   63.54832   23.33333   28.44000   31.77416   20.00000    3.33333    15
   34   53.84615   68.01143   77.20484   26.92308   34.00571   38.60242   23.07692    3.84615    13
   35   50.00000   66.00000   75.62528   25.00000   33.00000   37.81264   21.42857    3.57143    14
   36   53.84615   68.09143   76.01041   26.92308   34.04571   38.00520   23.07692    3.84615    13
   37   53.84615   67.64571   75.03126   26.92308   33.82286   37.51563   23.07692    3.84615    13
   38   58.33333   64.16000   69.81154   29.16667   32.08000   34.90577   25.00000    4.16667    12
   39   46.66667   56.88000   63.54832   23.33333   28.44000   31.77416   20.00000    3.33333    15
   40   53.84615   68.01143   77.20484   26.92308   34.00571   38.60242   23.07692    3.84615    13
   41   50.00000   65.63429   75.46161   25.00000   32.81714   37.73080   21.42857    3.57143    14
   42   53.84615   68.09143   76.01041   26.92308   34.04571   38.00520   23.07692    3.84615    13
   43   50.00000   66.45714   74.54377   25.00000   33.22857   37.27188   21.42857    3.57143    14
   44   58.33333   64.05714   69.68278   29.16667   32.02857   34.84139   25.00000    4.16667    12
   45   46.66667   56.88000   63.54832   23.33333   28.44000   31.77416   20.00000    3.33333    15
   46   53.84615   68.01143   77.20484   26.92308   34.00571   38.60242   23.07692    3.84615    13
   47   50.00000   65.63429   75.46161   25.00000   32.81714   37.73080   21.42857    3.57143    14
   48   53.84615   68.09143   76.01041   26.92308   34.04571   38.00520   23.07692    3.84615    13
   49   50.00000   66.45714   74.54377   25.00000   33.22857   37.27188   21.42857    3.57143    14
   50   58.33333   64.05714   69.68278   29.16667   32.02857   34.84139   25.00000    4.16667    12
# (1) <As>_n, (2) <As>_w, (3) <As>_z, (4) <M>_n, (5) <M>_w, (6) <M>_z, (7) <AB>_n, (8) <C2>_n, (9) <n_agg>
# 26.119403 33.165943 37.413832 52.238806 66.331886 74.827665 22.388060 3.731343 13.400000
