# Created by AnalysisTools v4.0  (https://github.com/KaGaSi/AnalysisTools)
# command: DistrAgg traj.vtf BC.agg BC-distr.txt BC-avg.txt
# column: (1) As, (2) F_n(As), (3) F_w(As), (4) F_z(As), (5) n_agg, (6) <AB>_n, (7) <C2>_n
   1 0.026866 0.001029 0.000031     18    1.00000    0.00000
   2 0.022388 0.001714 0.000103     15    2.00000    0.00000
   3 0.026866 0.003086 0.000279     18    3.00000    0.00000
   5 0.028358 0.005429 0.000818     19    5.00000    0.00000
   7 0.026866 0.007200 0.001520     18    7.00000    0.00000
   8 0.025373 0.007771 0.001875     17    8.00000    0.00000
  13 0.010448 0.005200 0.002038      7   12.00000    1.00000
  15 0.011940 0.006857 0.003101      8   14.00000    1.00000
  18 0.058209 0.040114 0.021771     39   16.00000    2.00000
  19 0.005970 0.004343 0.002488      4   16.00000    3.00000
  20 0.140299 0.107429 0.064782     94   18.17021    1.82979
  21 0.008955 0.007200 0.004559      6   20.00000    1.00000
  22 0.052239 0.044000 0.029187     35   20.60000    1.40000
  23 0.010448 0.009200 0.006380      7   21.00000    2.00000
  25 0.026866 0.025714 0.019383     18   22.00000    3.00000
  26 0.058209 0.057943 0.045424     39   23.00000    3.00000
  27 0.020896 0.021600 0.017584     14   24.00000    3.00000
  28 0.040299 0.043200 0.036471     27   25.29630    2.70370
  29 0.037313 0.041429 0.036225     25   25.76000    3.24000
  30 0.049254 0.056571 0.051171     33   26.15152    3.84848
  31 0.007463 0.008857 0.008279      5   27.00000    4.00000
  32 0.010448 0.012800 0.012350      7   26.14286    5.85714
  33 0.043284 0.054686 0.054412     29   27.48276    5.51724
  34 0.011940 0.015543 0.015934      8   29.00000    5.00000
  36 0.004478 0.006171 0.006699      3   28.00000    8.00000
  37 0.001493 0.002114 0.002359      1   29.00000    8.00000
  40 0.038806 0.059429 0.071674     26   31.00000    9.00000
  41 0.040299 0.063257 0.078199     27   34.07407    6.92593
  42 0.016418 0.026400 0.033432     11   33.00000    9.00000
  43 0.019403 0.031943 0.041414     13   35.00000    8.00000
  44 0.011940 0.020114 0.026685      8   36.00000    8.00000
  45 0.004478 0.007714 0.010467      3   37.00000    8.00000
  46 0.028358 0.049943 0.069269     19   38.00000    8.00000
  47 0.002985 0.005371 0.007612      2   39.00000    8.00000
  48 0.011940 0.021943 0.031757      8   40.75000    7.25000
  51 0.008955 0.017486 0.026888      6   40.00000   11.00000
  52 0.023881 0.047543 0.074541     16   41.00000   11.00000
  53 0.023881 0.048457 0.077436     16   42.00000   11.00000
  56 0.001493 0.003200 0.005403      1   45.00000   11.00000
# (1) <As>_n, (2) <As>_w, (3) <As>_z, (4) <M>_n, (5) <M>_w, (6) <M>_z, (7) <AB>_n, (8) <C2>_n, (9) <n_agg>
# 26.119403 33.165943 37.413832 52.238806 66.331886 74.827665 22.388060 3.731343 13.400000
