# Created by AnalysisTools v4.0  (https://github.com/KaGaSi/AnalysisTools)
# command: DistrAgg traj.vtf BC.agg BC-distr-2.txt BC-avg-2.txt -m AB
# column: (1) As, (2) F_n(As), (3) F_w(As), (4) F_z(As), (5) n_agg, (6) <AB>_n, (7) <C2>_n
   1 0.026866 0.001200 0.000044     18    1.00000    0.00000
   2 0.022388 0.002000 0.000146     15    2.00000    0.00000
   3 0.026866 0.003600 0.000394     18    3.00000    0.00000
   5 0.028358 0.006333 0.001155     19    5.00000    0.00000
   7 0.026866 0.008400 0.002145     18    7.00000    0.00000
   8 0.025373 0.009067 0.002646     17    8.00000    0.00000
  12 0.010448 0.005600 0.002451      7   12.00000    1.00000
  14 0.011940 0.007467 0.003813      8   14.00000    1.00000
  16 0.064179 0.045867 0.026771     43   16.00000    2.09302
  18 0.116418 0.093600 0.061461     78   18.00000    2.00000
  19 0.034328 0.029133 0.020193     23   19.00000    1.60870
  20 0.008955 0.008000 0.005837      6   20.00000    1.00000
  21 0.052239 0.049000 0.037537     35   21.00000    1.20000
  22 0.026866 0.026400 0.021187     18   22.00000    3.00000
  23 0.058209 0.059800 0.050174     39   23.00000    3.00000
  24 0.034328 0.036800 0.032219     23   24.00000    3.73913
  25 0.023881 0.026667 0.024320     16   25.00000    4.93750
  26 0.092537 0.107467 0.101929     62   26.00000    3.20968
  27 0.022388 0.027000 0.026594     15   27.00000    4.00000
  28 0.040299 0.050400 0.051480     27   28.00000    5.33333
  29 0.013433 0.017400 0.018408      9   29.00000    5.33333
  31 0.038806 0.053733 0.060765     26   31.00000    9.00000
  32 0.019403 0.027733 0.032374     13   32.00000    9.00000
  33 0.016418 0.024200 0.029133     11   33.00000    9.00000
  35 0.019403 0.030333 0.038729     13   35.00000    8.00000
  36 0.032836 0.052800 0.069340     22   36.00000    6.09091
  37 0.004478 0.007400 0.009988      3   37.00000    8.00000
  38 0.028358 0.048133 0.066723     19   38.00000    8.00000
  39 0.002985 0.005200 0.007398      2   39.00000    8.00000
  40 0.016418 0.029333 0.042803     11   40.00000    9.63636
  41 0.023881 0.043733 0.065410     16   41.00000   11.00000
  42 0.028358 0.053200 0.081510     19   42.00000   10.21053
  45 0.001493 0.003000 0.004925      1   45.00000   11.00000
# (1) <As>_n, (2) <As>_w, (3) <As>_z, (4) <M>_n, (5) <M>_w, (6) <M>_z, (7) <AB>_n, (8) <C2>_n, (9) <n_agg>
# 22.388060 27.412667 30.259719 44.776119 54.825333 60.519439 22.388060 3.731343 13.400000
