# Created by AnalysisTools v4.0  (https://github.com/KaGaSi/AnalysisTools)
# command: GyrationAggregates traj.vtf BC.agg BC-gyr.txt
# column: (1) timestep, (2) <Rg>_n, (3) <Rg>_w, (4) <Rg>_z, (5) <Rg^2>_n, (6) <Rg^2>_w, (7) <Rg^2>_z, (8) <Anis>_n, (9) <Acyl>_n, (10) <Aspher>_n, (11) <eigen[0]>_n, (12) <eigen[1]>_n, (13) <eigen[2]>_n
    1 1.966034 2.250754 2.232946 7.573076 8.193116 7.461154 0.367639 0.190853 6.556170 0.243542 0.434395 6.895139
    2 2.185659 1.995717 1.909685 6.546738 5.040822 4.367657 0.388032 0.751491 4.632380 0.262374 1.013865 5.270499
    3 1.504252 1.539734 1.502412 3.246482 3.058111 2.674519 0.184454 0.590640 1.538261 0.274087 0.864727 2.107668
    4 2.714137 2.998203 3.252928 12.337676 12.096490 12.880527 0.412622 1.264784 9.664838 0.258554 1.523338 10.555784
    5 2.224778 2.434735 2.332159 10.505611 10.750199 9.213998 0.299256 0.451625 9.039787 0.262796 0.714421 9.528395
    6 2.917448 2.577550 2.412913 14.560332 10.905513 8.723951 0.399782 0.277466 13.231374 0.304253 0.581719 13.674360
    7 2.266287 2.814285 2.922530 9.375426 11.844947 11.784748 0.368432 0.360020 7.777114 0.352761 0.712781 8.309885
    8 2.051221 2.186000 2.161061 6.355516 6.733823 6.416704 0.320527 0.279695 5.136872 0.266367 0.546062 5.543087
    9 2.936307 2.907534 2.805685 12.666366 12.629868 11.811742 0.509198 0.261126 11.437737 0.278980 0.540106 11.847280
   10 1.823030 2.068582 2.134341 5.092677 5.971512 6.024827 0.271168 0.137750 4.029185 0.285623 0.423372 4.383682
   11 2.435576 2.631280 2.666164 8.460470 9.003116 9.056710 0.517864 0.155357 7.509671 0.239254 0.394612 7.826604
   12 2.291195 2.145663 2.038095 7.325668 6.060512 5.264345 0.449977 0.149802 6.337929 0.254346 0.404148 6.667175
   13 2.082658 2.359361 2.331381 9.689743 10.281378 9.232600 0.327753 0.304580 8.448967 0.261302 0.565882 8.862559
   14 2.576815 2.064882 1.811659 13.899841 8.930034 5.917628 0.256352 0.724029 11.457273 0.452175 1.176204 12.271462
   15 2.082546 2.630940 2.707146 10.344857 13.933568 14.165243 0.288889 1.902012 6.773472 0.239456 2.141468 7.963933
   16 2.643214 3.246585 3.795581 11.731407 16.745719 21.872172 0.400482 0.179234 10.498321 0.321411 0.500646 10.909350
   17 2.051221 2.186000 2.161061 6.355516 6.733823 6.416704 0.320527 0.279695 5.136872 0.266367 0.546062 5.543087
   18 2.936307 2.907534 2.805685 12.666366 12.629868 11.811742 0.509198 0.261126 11.437737 0.278980 0.540106 11.847280
   19 1.823030 2.068582 2.134341 5.092677 5.971512 6.024827 0.271168 0.137750 4.029185 0.285623 0.423372 4.383682
   20 2.435576 2.631280 2.666164 8.460470 9.003116 9.056710 0.517864 0.155357 7.509671 0.239254 0.394612 7.826604
   21 2.291195 2.145663 2.038095 7.325668 6.060512 5.264345 0.449977 0.149802 6.337929 0.254346 0.404148 6.667175
   22 2.302033 2.343721 2.221282 8.985243 8.445135 7.263459 0.348511 0.557305 7.326573 0.274238 0.831542 7.879463
   23 2.102927 2.073622 2.106603 5.615616 5.199504 5.354845 0.419101 0.191042 4.526034 0.267673 0.458715 4.889228
   24 1.886310 2.297610 2.458377 5.638030 7.384956 8.105080 0.361773 0.145363 4.645700 0.258095 0.403458 4.976477
   25 2.511261 2.389333 2.475139 8.624502 7.396861 7.790112 0.443244 1.713721 5.319114 0.244936 1.958657 6.420910
   26 2.140408 2.100398 2.077757 6.267425 5.709897 5.440712 0.446438 0.126256 5.354695 0.241115 0.367371 5.658938
   27 3.608524 3.437852 3.226885 18.146569 16.040533 13.898127 0.520894 0.942003 13.468492 1.088358 2.030360 15.027851
   28 1.891932 1.940728 1.849564 5.561728 5.187308 4.373289 0.268253 1.033562 3.268030 0.247785 1.281347 4.032596
   29 2.515558 2.898957 3.309362 11.775873 14.625549 17.966109 0.252898 1.022639 8.458452 0.594487 1.617127 9.564259
   30 2.095466 2.713200 2.725916 8.829934 12.355897 12.407318 0.427878 1.092403 6.489416 0.233971 1.326374 7.269589
   31 2.826423 3.352020 4.000589 13.998809 19.753369 26.602649 0.404821 0.327875 12.735492 0.257169 0.585043 13.156597
   32 3.055021 3.095548 3.095852 12.794480 13.223711 13.260551 0.510545 1.914161 8.996005 0.309078 2.223239 10.262163
   33 3.194503 3.145506 3.044146 18.078330 16.745190 15.969214 0.426267 0.585880 16.422303 0.259069 0.844949 16.974312
   34 2.589801 2.420434 2.499995 10.503467 7.746876 8.008636 0.440621 1.017014 8.175712 0.267411 1.284426 8.951630
   35 2.389962 2.720858 2.820556 8.079884 9.380087 9.460004 0.385658 1.431707 5.050819 0.293835 1.725541 6.060508
   36 2.017914 2.661141 3.133005 7.078547 11.014618 14.409824 0.288290 1.239396 4.359254 0.286733 1.526129 5.265685
   37 2.020861 1.941059 1.922064 5.332007 4.759515 4.664549 0.386904 0.100621 4.357762 0.274438 0.375059 4.682510
   38 3.508792 3.111912 2.747836 17.953614 14.195899 11.030746 0.460297 1.408526 14.473996 0.455610 1.864136 15.633869
   39 3.169117 3.385185 3.365623 16.756067 17.257275 16.554376 0.530637 0.107890 15.806980 0.262417 0.370307 16.123343
   40 2.418681 2.287483 2.229298 7.206844 6.475871 6.055739 0.503250 0.156945 6.157099 0.271442 0.428388 6.507014
   41 2.623504 2.581517 2.423877 11.377597 10.585797 8.889969 0.467125 0.558882 9.791851 0.249141 0.808023 10.320433
   42 2.319491 3.174125 3.924780 10.728087 17.877551 24.981302 0.369326 0.124681 9.734904 0.268721 0.393401 10.065965
   43 2.717840 2.734583 2.703561 14.072386 13.939917 13.068031 0.366447 2.050050 8.174404 0.940969 2.991019 10.140398
   44 2.606609 2.684617 2.702000 12.671248 13.154945 12.975009 0.346307 0.138113 11.545360 0.306239 0.444353 11.920656
   45 2.883725 3.029813 2.965232 15.379953 15.558953 14.610816 0.453057 0.219412 14.263197 0.262546 0.481958 14.635449
   46 2.161499 1.988768 1.906613 6.171391 4.824745 4.271743 0.405718 0.152276 5.139703 0.267758 0.420034 5.483599
   47 2.467401 2.509563 2.439920 8.365986 8.142535 7.626100 0.514591 0.164810 7.373751 0.248340 0.413150 7.704496
   48 2.247101 3.128318 3.859591 9.596015 15.999572 22.090927 0.350210 0.389098 8.131006 0.293787 0.682885 8.619343
   49 2.141812 2.359884 2.377476 8.200476 9.296570 9.062297 0.342966 0.824754 5.062619 0.633575 1.458329 6.108571
   50 2.074581 2.255470 2.370005 6.533859 7.390794 7.874958 0.314006 0.121884 5.482781 0.289417 0.411302 5.833140
# (1) <M>_n, (2) <M>_w (3) <AB>, (4) <C2>, (5) <Rg>_n, (6) <Rg>_w, (7) <Rg>_z, (8) <Rg^2>_n, (9) <Rg^2>_w, (10) <Rg^2>_z, (11) <Anis>, (12) <Acyl>, (13) <Aspher>, (14) <eigen[0]>, (15) <eigen[1]>, (16) <eigen[2]>, 
# 52.238806 66.331886 22.388060 3.731343 2.406188 2.551082 2.596882 9.740260 10.244940 10.403690 0.391770 0.575381 7.923917 0.317757 0.893138 8.529364
