# Created by AnalysisTools v4.0  (https://github.com/KaGaSi/AnalysisTools)
# command: DistrAgg traj.vtf C.agg C-distr.txt C-avg.txt -x AB
# column: (1) step, (2) <M>_n, (3) <M>_w, (4) <M>_z, (5) <As>_n, (6) <As>_w, (7) <As>_z, (8) <AB>_n, (9) <C2>_n, (10) n_agg
    1    8.33333   13.44000   16.86905    4.16667    6.72000    8.43452    0.00000    4.16667    12
    2    7.69231   11.52000   14.18056    3.84615    5.76000    7.09028    0.00000    3.84615    13
    3    8.33333   13.44000   16.86905    4.16667    6.72000    8.43452    0.00000    4.16667    12
    4    9.09091   13.52000   16.80473    4.54545    6.76000    8.40237    0.00000    4.54545    11
    5    8.33333   13.36000   16.86228    4.16667    6.68000    8.43114    0.00000    4.16667    12
    6    9.09091   13.52000   16.80473    4.54545    6.76000    8.40237    0.00000    4.54545    11
    7    8.33333   13.36000   16.89820    4.16667    6.68000    8.44910    0.00000    4.16667    12
    8    7.14286   11.36000   14.25352    3.57143    5.68000    7.12676    0.00000    3.57143    14
    9    9.09091   13.52000   16.80473    4.54545    6.76000    8.40237    0.00000    4.54545    11
   10    9.09091   13.52000   16.80473    4.54545    6.76000    8.40237    0.00000    4.54545    11
   11    8.33333   13.44000   16.86905    4.16667    6.72000    8.43452    0.00000    4.16667    12
   12    8.33333   13.44000   16.86905    4.16667    6.72000    8.43452    0.00000    4.16667    12
   13   10.00000   14.16000   16.85876    5.00000    7.08000    8.42938    0.00000    5.00000    10
   14    7.69231   13.36000   16.93413    3.84615    6.68000    8.46707    0.00000    3.84615    13
   15    8.33333   13.44000   16.86905    4.16667    6.72000    8.43452    0.00000    4.16667    12
   16    9.09091   13.52000   16.80473    4.54545    6.76000    8.40237    0.00000    4.54545    11
   17    7.14286   11.36000   14.25352    3.57143    5.68000    7.12676    0.00000    3.57143    14
   18    9.09091   13.52000   16.80473    4.54545    6.76000    8.40237    0.00000    4.54545    11
   19    9.09091   13.52000   16.80473    4.54545    6.76000    8.40237    0.00000    4.54545    11
   20    8.33333   13.44000   16.86905    4.16667    6.72000    8.43452    0.00000    4.16667    12
   21    8.33333   13.44000   16.86905    4.16667    6.72000    8.43452    0.00000    4.16667    12
   22    7.69231   11.52000   14.18056    3.84615    5.76000    7.09028    0.00000    3.84615    13
   23    8.33333   13.44000   16.86905    4.16667    6.72000    8.43452    0.00000    4.16667    12
   24    9.09091   13.52000   16.80473    4.54545    6.76000    8.40237    0.00000    4.54545    11
   25    9.09091   13.52000   16.80473    4.54545    6.76000    8.40237    0.00000    4.54545    11
   26    8.33333   13.04000   16.87117    4.16667    6.52000    8.43558    0.00000    4.16667    12
   27    7.69231   11.44000   14.19580    3.84615    5.72000    7.09790    0.00000    3.84615    13
   28    9.09091   13.76000   16.82558    4.54545    6.88000    8.41279    0.00000    4.54545    11
   29    9.09091   13.52000   16.80473    4.54545    6.76000    8.40237    0.00000    4.54545    11
   30    9.09091   13.52000   16.80473    4.54545    6.76000    8.40237    0.00000    4.54545    11
   31    8.33333   13.44000   16.86905    4.16667    6.72000    8.43452    0.00000    4.16667    12
   32    9.09091   13.52000   16.80473    4.54545    6.76000    8.40237    0.00000    4.54545    11
   33    6.66667   11.36000   14.29577    3.33333    5.68000    7.14789    0.00000    3.33333    15
   34    9.09091   13.52000   16.80473    4.54545    6.76000    8.40237    0.00000    4.54545    11
   35    8.33333   13.44000   16.86905    4.16667    6.72000    8.43452    0.00000    4.16667    12
   36    9.09091   13.52000   16.80473    4.54545    6.76000    8.40237    0.00000    4.54545    11
   37    9.09091   13.52000   16.80473    4.54545    6.76000    8.40237    0.00000    4.54545    11
   38    7.69231   10.40000   12.98462    3.84615    5.20000    6.49231    0.00000    3.84615    13
   39    7.69231   11.52000   14.18056    3.84615    5.76000    7.09028    0.00000    3.84615    13
   40    7.69231   12.96000   16.93827    3.84615    6.48000    8.46914    0.00000    3.84615    13
   41    9.09091   13.52000   16.80473    4.54545    6.76000    8.40237    0.00000    4.54545    11
   42    9.09091   13.52000   16.80473    4.54545    6.76000    8.40237    0.00000    4.54545    11
   43    9.09091   13.52000   16.80473    4.54545    6.76000    8.40237    0.00000    4.54545    11
   44    8.33333   11.60000   14.12414    4.16667    5.80000    7.06207    0.00000    4.16667    12
   45    7.69231   11.52000   14.18056    3.84615    5.76000    7.09028    0.00000    3.84615    13
   46    9.09091   13.52000   16.80473    4.54545    6.76000    8.40237    0.00000    4.54545    11
   47    9.09091   13.52000   16.80473    4.54545    6.76000    8.40237    0.00000    4.54545    11
   48    8.33333   13.36000   16.89820    4.16667    6.68000    8.44910    0.00000    4.16667    12
   49    9.09091   13.52000   16.80473    4.54545    6.76000    8.40237    0.00000    4.54545    11
   50    8.33333   11.60000   14.12414    4.16667    5.80000    7.06207    0.00000    4.16667    12
# (1) <As>_n, (2) <As>_w, (3) <As>_z, (4) <M>_n, (5) <M>_w, (6) <M>_z, (7) <AB>_n, (8) <C2>_n, (9) <n_agg>
# 4.230118 6.508800 8.155113 8.460237 13.017600 16.310226 0.000000 4.230118 11.820000
