# Created by AnalysisTools v4.0  (https://github.com/KaGaSi/AnalysisTools)
# command: DistrAgg traj.vtf C.agg C-distr-2.txt C-avg-2.txt
# column: (1) step, (2) <M>_n, (3) <M>_w, (4) <M>_z, (5) <As>_n, (6) <As>_w, (7) <As>_z, (8) <AB>_n, (9) <C2>_n, (10) n_agg
    1    2.24359    3.63429    9.85535    1.12179    1.81714    4.92767    0.96154    0.16026   312
    2    2.23642    3.36000    7.96599    1.11821    1.68000    3.98299    0.95847    0.15974   313
    3    2.24359    3.63429    9.85535    1.12179    1.81714    4.92767    0.96154    0.16026   312
    4    2.25080    3.64571    9.84326    1.12540    1.82286    4.92163    0.96463    0.16077   311
    5    2.24359    3.62286    9.82965    1.12179    1.81143    4.91483    0.96154    0.16026   312
    6    2.25080    3.64571    9.84326    1.12540    1.82286    4.92163    0.96463    0.16077   311
    7    2.24359    3.62286    9.84858    1.12179    1.81143    4.92429    0.96154    0.16026   312
    8    2.22930    3.33714    7.95890    1.11465    1.66857    3.97945    0.95541    0.15924   314
    9    2.25080    3.64571    9.84326    1.12540    1.82286    4.92163    0.96463    0.16077   311
   10    2.25080    3.64571    9.84326    1.12540    1.82286    4.92163    0.96463    0.16077   311
   11    2.24359    3.63429    9.85535    1.12179    1.81714    4.92767    0.96154    0.16026   312
   12    2.24359    3.63429    9.85535    1.12179    1.81714    4.92767    0.96154    0.16026   312
   13    2.25806    3.73714   10.04281    1.12903    1.86857    5.02141    0.96774    0.16129   310
   14    2.23642    3.62286    9.86751    1.11821    1.81143    4.93375    0.95847    0.15974   313
   15    2.24359    3.63429    9.85535    1.12179    1.81714    4.92767    0.96154    0.16026   312
   16    2.25080    3.64571    9.84326    1.12540    1.82286    4.92163    0.96463    0.16077   311
   17    2.22930    3.33714    7.95890    1.11465    1.66857    3.97945    0.95541    0.15924   314
   18    2.25080    3.64571    9.84326    1.12540    1.82286    4.92163    0.96463    0.16077   311
   19    2.25080    3.64571    9.84326    1.12540    1.82286    4.92163    0.96463    0.16077   311
   20    2.24359    3.63429    9.85535    1.12179    1.81714    4.92767    0.96154    0.16026   312
   21    2.24359    3.63429    9.85535    1.12179    1.81714    4.92767    0.96154    0.16026   312
   22    2.23642    3.36000    7.96599    1.11821    1.68000    3.98299    0.95847    0.15974   313
   23    2.24359    3.63429    9.85535    1.12179    1.81714    4.92767    0.96154    0.16026   312
   24    2.25080    3.64571    9.84326    1.12540    1.82286    4.92163    0.96463    0.16077   311
   25    2.25080    3.64571    9.84326    1.12540    1.82286    4.92163    0.96463    0.16077   311
   26    2.24359    3.57714    9.74441    1.12179    1.78857    4.87220    0.96154    0.16026   312
   27    2.23642    3.34857    7.95222    1.11821    1.67429    3.97611    0.95847    0.15974   313
   28    2.25080    3.68000    9.91925    1.12540    1.84000    4.95963    0.96463    0.16077   311
   29    2.25080    3.64571    9.84326    1.12540    1.82286    4.92163    0.96463    0.16077   311
   30    2.25080    3.64571    9.84326    1.12540    1.82286    4.92163    0.96463    0.16077   311
   31    2.24359    3.63429    9.85535    1.12179    1.81714    4.92767    0.96154    0.16026   312
   32    2.25080    3.64571    9.84326    1.12540    1.82286    4.92163    0.96463    0.16077   311
   33    2.22222    3.33714    7.97945    1.11111    1.66857    3.98973    0.95238    0.15873   315
   34    2.25080    3.64571    9.84326    1.12540    1.82286    4.92163    0.96463    0.16077   311
   35    2.24359    3.63429    9.85535    1.12179    1.81714    4.92767    0.96154    0.16026   312
   36    2.25080    3.64571    9.84326    1.12540    1.82286    4.92163    0.96463    0.16077   311
   37    2.25080    3.64571    9.84326    1.12540    1.82286    4.92163    0.96463    0.16077   311
   38    2.23642    3.20000    7.10000    1.11821    1.60000    3.55000    0.95847    0.15974   313
   39    2.23642    3.36000    7.96599    1.11821    1.68000    3.98299    0.95847    0.15974   313
   40    2.23642    3.56571    9.75641    1.11821    1.78286    4.87821    0.95847    0.15974   313
   41    2.25080    3.64571    9.84326    1.12540    1.82286    4.92163    0.96463    0.16077   311
   42    2.25080    3.64571    9.84326    1.12540    1.82286    4.92163    0.96463    0.16077   311
   43    2.25080    3.64571    9.84326    1.12540    1.82286    4.92163    0.96463    0.16077   311
   44    2.24359    3.37143    7.95932    1.12179    1.68571    3.97966    0.96154    0.16026   312
   45    2.23642    3.36000    7.96599    1.11821    1.68000    3.98299    0.95847    0.15974   313
   46    2.25080    3.64571    9.84326    1.12540    1.82286    4.92163    0.96463    0.16077   311
   47    2.25080    3.64571    9.84326    1.12540    1.82286    4.92163    0.96463    0.16077   311
   48    2.24359    3.62286    9.84858    1.12179    1.81143    4.92429    0.96154    0.16026   312
   49    2.25080    3.64571    9.84326    1.12540    1.82286    4.92163    0.96463    0.16077   311
   50    2.24359    3.37143    7.95932    1.12179    1.68571    3.97966    0.96154    0.16026   312
# (1) <As>_n, (2) <As>_w, (3) <As>_z, (4) <M>_n, (5) <M>_w, (6) <M>_z, (7) <AB>_n, (8) <C2>_n, (9) <n_agg>
# 1.122442 1.786971 4.723075 2.244885 3.573943 9.446150 0.962094 0.160349 311.820000
