# Created by AnalysisTools v4.0  (https://github.com/KaGaSi/AnalysisTools)
# command: DistrAgg traj.vtf C.agg C-distr-2.txt C-avg-2.txt
# column: (1) As, (2) F_n(As), (3) F_w(As), (4) F_z(As), (5) n_agg, (6) <AB>_n, (7) <C2>_n
   1 0.968636 0.862971 0.482924  15102    0.99325    0.00675
   2 0.008402 0.014971 0.016756    131    0.00000    2.00000
   3 0.007119 0.019029 0.031946    111    0.00000    3.00000
   4 0.003015 0.010743 0.024047     47    0.00000    4.00000
   5 0.003207 0.014286 0.039972     50    0.00000    5.00000
   6 0.000064 0.000343 0.001151      1    0.00000    6.00000
   8 0.003848 0.027429 0.122794     60    0.00000    8.00000
   9 0.003207 0.025714 0.129509     50    0.00000    9.00000
  11 0.002501 0.024514 0.150902     39    0.00000   11.00000
# (1) <As>_n, (2) <As>_w, (3) <As>_z, (4) <M>_n, (5) <M>_w, (6) <M>_z, (7) <AB>_n, (8) <C2>_n, (9) <n_agg>
# 1.122442 1.786971 4.723075 2.244885 3.573943 9.446150 0.962094 0.160349 311.820000
